     0/199     1.19G    0.1294   0.01272   0.02505    0.1671       189       320   0.01445   0.03358  0.001799 0.0003401     0.131   0.01168   0.02598
     1/199     3.91G    0.1244   0.01219   0.01989    0.1565       191       320    0.0176   0.02129  0.002007  0.000406    0.1259   0.01164   0.01886
     2/199     4.41G    0.1193   0.01227   0.01451    0.1461       171       320   0.01942   0.02293  0.002434 0.0005122    0.1203   0.01198    0.0132
     3/199     4.41G    0.1151   0.01261   0.01093    0.1386       189       320    0.0225   0.03604  0.003181 0.0006683    0.1156   0.01234  0.009486
     4/199     4.41G     0.112   0.01251  0.008729    0.1333       169       320   0.01408   0.05651  0.002696 0.0005553    0.1133   0.01258  0.007715
     5/199      4.9G    0.1097   0.01326   0.00718    0.1301       177       320   0.01014   0.05733  0.002192 0.0004099    0.1109   0.01286  0.006249
     6/199      4.9G    0.1077   0.01359   0.00607    0.1273       187       320  0.007645   0.04832   0.00185 0.0003528    0.1093   0.01306  0.005231
     7/199      4.9G    0.1066   0.01348  0.005117    0.1252       187       320  0.006989   0.04505  0.001785 0.0003357    0.1079   0.01322  0.004541
     8/199      4.9G    0.1042   0.01398  0.004463    0.1226       170       320  0.007121   0.05078  0.001825 0.0003478    0.1059   0.01357  0.003992
     9/199      4.9G    0.1026   0.01459  0.003957    0.1212       184       320   0.00788   0.03767  0.001885 0.0003435    0.1038   0.01393  0.003577
    10/199      4.9G    0.1012   0.01418  0.003565    0.1189       167       320  0.008374   0.04259   0.00209 0.0003892    0.1022   0.01418  0.003268
    11/199      4.9G   0.09894   0.01443  0.003251    0.1166       168       320  0.009227    0.0647  0.002312 0.0004359    0.1007   0.01439  0.003004
    12/199     4.91G   0.09753   0.01498  0.002917    0.1154       146       320  0.009243    0.0681  0.002401 0.0004557   0.09885   0.01473  0.002724
    13/199     4.91G   0.09568   0.01575  0.002705    0.1141       169       320   0.01091   0.07289  0.002694 0.0005315   0.09711   0.01503  0.002483
    14/199     4.91G   0.09435   0.01563  0.002504    0.1125       177       320   0.01059   0.06061  0.002673  0.000508   0.09529    0.0154  0.002267
    15/199     4.91G   0.09293   0.01563  0.002315    0.1109       160       320    0.0104   0.07207  0.002848 0.0005351   0.09347   0.01577  0.002098
    16/199     4.91G   0.09175   0.01611  0.002148      0.11       178       320  0.009132    0.0647  0.002922 0.0005468   0.09228   0.01602   0.00196
    17/199     4.91G    0.0912   0.01645  0.002023    0.1097       177       320   0.01123   0.05651  0.003222 0.0006645    0.0908   0.01622  0.001833
    18/199     4.91G   0.08921   0.01728  0.001902    0.1084       204       320   0.01636   0.04341  0.003944 0.0008574   0.08927   0.01636  0.001726
    19/199     4.91G   0.08821   0.01696  0.001801     0.107       174       320    0.0148   0.05242  0.004347 0.0008605   0.08766   0.01664  0.001633
    20/199     4.91G    0.0872   0.01694  0.001707    0.1059       188       320   0.01429   0.06306  0.004848 0.0009587   0.08585   0.01693  0.001554
    21/199     4.91G   0.08563   0.01702  0.001618    0.1043       190       320   0.01585   0.07043   0.00578  0.001165   0.08414   0.01719  0.001479
    22/199     4.91G   0.08446   0.01719  0.001538    0.1032       161       320   0.01603    0.1196  0.006906  0.001435   0.08289   0.01735  0.001407
    23/199     4.91G   0.08402   0.01738  0.001476    0.1029       184       320   0.01941     0.113  0.008616  0.001813   0.08153   0.01749  0.001326
    24/199     4.91G   0.08242   0.01797  0.001389    0.1018       190       320   0.01944    0.2154  0.009269  0.001882   0.08081   0.01751  0.001277
    25/199     4.91G   0.08108   0.01775  0.001316    0.1001       190       320   0.02224     0.276   0.01149  0.002245   0.07892   0.01777  0.001225
    26/199     4.91G    0.0801   0.01767  0.001255   0.09902       176       320    0.0272    0.2817   0.01396  0.002789   0.07803   0.01773  0.001168
    27/199     4.91G   0.07858   0.01775  0.001192   0.09753       171       320    0.0384    0.2604   0.02456  0.004813    0.0774   0.01754   0.00112
    28/199     4.91G   0.07728   0.01791  0.001139   0.09634       179       320   0.04796    0.2984    0.0254  0.005596   0.07544   0.01777  0.001061
    29/199     4.91G   0.07676   0.01765  0.001083    0.0955       192       320   0.05882    0.2686   0.03068  0.007107   0.07445   0.01777  0.001016
    30/199     4.91G   0.07475   0.01774  0.001036   0.09353       164       320   0.08293    0.2768   0.04464   0.01043   0.07371   0.01765 0.0009675
    31/199     4.91G   0.07339   0.01809 0.0009836   0.09247       157       320    0.1053    0.3276   0.06012   0.01452   0.07189   0.01774 0.0009356
    32/199     4.91G   0.07288   0.01751 0.0009517   0.09134       178       320    0.1361    0.2523   0.07417   0.01879   0.07116   0.01772 0.0008959
    33/199     4.91G   0.07128   0.01779 0.0008988   0.08998       189       320    0.1538    0.3571   0.09765   0.02492   0.06981   0.01757 0.0008604
    34/199     4.91G   0.06983   0.01763 0.0008557   0.08831       179       320    0.1834    0.3382    0.1145   0.02705   0.06902   0.01748 0.0008271
    35/199     4.91G   0.06869   0.01773 0.0008154   0.08724       179       320    0.2408    0.4021    0.1659   0.03999    0.0672   0.01746 0.0007931
    36/199     4.91G   0.06734   0.01765 0.0007732   0.08577       169       320    0.2552    0.4029    0.1895   0.04606    0.0666   0.01724 0.0007656
    37/199     4.91G   0.06647   0.01739 0.0007352    0.0846       191       320    0.3232     0.475    0.2794   0.06471   0.06545   0.01693 0.0007359
    38/199     4.91G   0.06549   0.01701 0.0007044    0.0832       184       320    0.3604    0.4693    0.3256   0.08366    0.0646   0.01667 0.0007008
    39/199     4.91G   0.06453   0.01734 0.0006709   0.08254       204       320     0.362    0.5038    0.3415   0.08958   0.06353   0.01655 0.0006737
    40/199     4.91G   0.06452   0.01637 0.0006454   0.08154       173       320    0.4153    0.4431    0.3633   0.09963   0.06323   0.01622  0.000656
    41/199     4.91G   0.06215    0.0167 0.0006259   0.07947       179       320    0.4674    0.4537    0.3952   0.09842   0.06064   0.01614 0.0006275
    42/199     4.91G   0.06308   0.01624 0.0005991   0.07992       178       320    0.5529    0.4963    0.4892    0.1673   0.05927   0.01614 0.0005989
    43/199     4.91G   0.06155   0.01595 0.0005768   0.07808       182       320    0.5672     0.525    0.5138    0.1646   0.06016   0.01557 0.0005669
    44/199     4.91G   0.06318   0.01581 0.0005495   0.07954       186       320    0.5619    0.4996    0.5092    0.1783   0.05973   0.01515 0.0005518
    45/199     4.91G   0.06099   0.01544 0.0005315   0.07696       175       320    0.5878    0.5864    0.5668     0.189   0.05875   0.01486 0.0005192
    46/199     4.91G   0.06259   0.01498 0.0005109   0.07808       172       320    0.6814    0.5397    0.5996    0.2329   0.05827   0.01473 0.0005049
    47/199     4.91G   0.06062   0.01501 0.0005015   0.07613       185       320    0.5899    0.5797    0.5893    0.2367   0.05751   0.01491 0.0004844
    48/199     4.91G   0.05898   0.01471 0.0004821   0.07417       179       320     0.636    0.5577    0.5774    0.1876   0.05776   0.01465 0.0004577
    49/199     4.91G   0.06291   0.01426 0.0004622   0.07764       192       320    0.6087     0.602    0.6196     0.245   0.05558   0.01425 0.0004483
    50/199     4.91G    0.0591   0.01421 0.0004489   0.07376       168       320    0.5418    0.5646    0.5643    0.2194   0.05604   0.01422 0.0004288
    51/199     4.91G   0.05811   0.01434 0.0004339   0.07288       161       320    0.6623    0.5905    0.6414    0.2776   0.05266   0.01439 0.0004083
    52/199     4.91G   0.06157   0.01396 0.0004198   0.07595       202       320    0.5065     0.601    0.5553    0.2013   0.05471    0.0139 0.0003931
    53/199     4.91G   0.05942    0.0141 0.0004058   0.07392       207       320    0.6616    0.6069    0.6433    0.2667   0.05225   0.01409 0.0003798
    54/199     4.91G   0.05866   0.01354 0.0003947   0.07259       166       320     0.605    0.5635    0.5969    0.2438   0.05591   0.01336 0.0003719
    55/199     4.91G   0.05906   0.01368 0.0003823   0.07312       163       320    0.6176    0.5782    0.6108    0.2539     0.055   0.01312 0.0003658
    56/199     4.91G   0.05822   0.01342 0.0003765   0.07201       181       320    0.6171    0.5749     0.616    0.2652   0.05338   0.01329 0.0003514
    57/199     4.91G   0.05774    0.0132 0.0003652    0.0713       170       320    0.6703    0.5381    0.6086     0.241   0.05918   0.01273 0.0003451
    58/199     4.91G   0.05711    0.0134 0.0003577   0.07086       180       320    0.6508    0.6183    0.6502    0.2769   0.05096   0.01305 0.0003357
    59/199     4.91G   0.05506    0.0133  0.000353   0.06871       163       320    0.6205    0.5826     0.623    0.2445     0.055   0.01287 0.0003252
    60/199     4.91G   0.05841   0.01266 0.0003436   0.07142       186       320    0.7162    0.5708    0.6554    0.2909   0.05294   0.01289 0.0003234
    61/199     4.91G   0.05715    0.0125  0.000337   0.06998       164       320    0.6002    0.6077    0.6161     0.216   0.05519   0.01248 0.0003166
    62/199     4.91G   0.05587   0.01271  0.000331   0.06891       167       320    0.6971    0.6238    0.6815    0.3098   0.04935   0.01296 0.0003064
    63/199     4.91G   0.05647   0.01301 0.0003349   0.06982       186       320    0.6326    0.6241     0.647    0.2605   0.05068   0.01261 0.0003032
    64/199     4.91G   0.05569   0.01262 0.0003276   0.06864       183       320    0.6588    0.6667    0.6706     0.299   0.04984   0.01239 0.0002933
    65/199     4.91G   0.05704   0.01239 0.0003184   0.06974       173       320    0.5587    0.6305    0.5989    0.2122   0.05244   0.01215 0.0002897
    66/199     4.91G   0.05426   0.01224 0.0003125   0.06681       178       320    0.7648    0.6904    0.7426    0.3592   0.04651   0.01244 0.0002836
    67/199     4.91G   0.05505   0.01222 0.0003079   0.06758       172       320     0.632    0.6093    0.6448    0.2672   0.05242   0.01174 0.0002816
    68/199     4.91G   0.05675   0.01224 0.0003053    0.0693       186       320    0.7065    0.6929    0.7042    0.3182    0.0474   0.01209 0.0002774
    69/199     4.91G   0.05668   0.01229 0.0003021   0.06926       194       320    0.7019    0.7114     0.713     0.319   0.04701    0.0124 0.0002767
    70/199     4.91G    0.0529   0.01218 0.0002986   0.06538       179       320    0.6851    0.6825     0.704     0.327   0.04999   0.01187 0.0002676
    71/199     4.91G   0.05449   0.01183 0.0002949   0.06662       161       320    0.6737    0.6173    0.6507    0.2598   0.05253   0.01162 0.0002653
    72/199     4.91G   0.05597   0.01192 0.0002926   0.06819       160       320    0.7006    0.6855    0.7079    0.3345   0.04792   0.01187 0.0002673
    73/199     4.91G   0.05336   0.01181 0.0002908   0.06546       173       320    0.7197    0.6749    0.7089    0.2686   0.04862   0.01178   0.00026
    74/199     4.91G   0.05408   0.01218 0.0002852   0.06655       190       320    0.6669    0.6888    0.6849    0.2605   0.04878    0.0116 0.0002563
    75/199     4.91G   0.05175   0.01161 0.0002798   0.06364       163       320    0.7192    0.6732    0.7153    0.3315   0.04861   0.01148 0.0002497
    76/199     4.91G   0.05242   0.01151 0.0002797   0.06421       185       320    0.7657    0.6691    0.7369    0.3454   0.04701   0.01164 0.0002481
    77/199     4.91G   0.05417    0.0116 0.0002755   0.06605       171       320    0.7325     0.655    0.7057    0.2971   0.05152   0.01117 0.0002471
    78/199     4.91G   0.05266   0.01153 0.0002717   0.06446       188       320    0.8072    0.7273     0.784    0.3947   0.04483   0.01154 0.0002448
    79/199     4.91G   0.05238   0.01138 0.0002678   0.06403       179       320    0.7581    0.7371    0.7704    0.3824   0.04625   0.01132 0.0002408
    80/199     4.91G   0.05155   0.01154 0.0002704   0.06336       183       320    0.8136    0.6986     0.766    0.3515   0.04634   0.01114 0.0002401
    81/199     4.91G   0.05278   0.01158  0.000263   0.06462       199       320    0.7327    0.7093    0.7319    0.3073    0.0465   0.01103 0.0002366
    82/199     4.91G   0.05402   0.01136  0.000264   0.06564       182       320    0.7764    0.7224    0.7592    0.3498   0.04572   0.01117 0.0002381
    83/199     4.91G   0.05417   0.01108 0.0002645   0.06552       174       320    0.7703     0.688    0.7328    0.3275   0.04473   0.01099 0.0002388
    84/199     4.91G   0.05086   0.01143 0.0002662   0.06256       199       320     0.834    0.7183    0.7902    0.4137   0.04268   0.01108 0.0002405
    85/199     4.91G   0.05148   0.01055 0.0002591   0.06229       176       320    0.6806    0.7035    0.7027     0.316   0.04771   0.01108 0.0002349
    86/199     4.91G   0.05344   0.01109 0.0002622    0.0648       199       320    0.8048    0.7055    0.7602    0.3591   0.04366   0.01096 0.0002367
    87/199     4.91G    0.0504   0.01108 0.0002621   0.06174       164       320    0.7871    0.7297    0.7656    0.3448   0.04712   0.01073 0.0002372
    88/199     4.91G   0.05042   0.01121 0.0002583    0.0619       178       320    0.8473    0.7445     0.807    0.4298    0.0416   0.01102 0.0002341
    89/199     4.91G   0.05048    0.0111 0.0002548   0.06183       192       320    0.7525    0.7346    0.7546     0.368   0.04517   0.01063 0.0002315
    90/199     4.91G   0.05098   0.01063 0.0002549   0.06186       183       320    0.8202     0.732    0.7895    0.3878   0.04403   0.01053 0.0002371
    91/199     4.91G   0.04981   0.01053 0.0002538   0.06059       159       320    0.7062    0.7344    0.7325    0.3518   0.04375   0.01057 0.0002373
    92/199     4.91G   0.04854   0.01093 0.0002552   0.05973       163       320    0.8252    0.7002    0.7802    0.3903   0.04641   0.01017 0.0002361
    93/199     4.91G   0.04929   0.01073 0.0002556   0.06028       182       320    0.8324    0.7371    0.7978    0.3997   0.04162   0.01029  0.000234
    94/199     4.91G    0.0481   0.01095 0.0002505    0.0593       180       320    0.8177    0.7469    0.8018    0.3843   0.04414   0.01037 0.0002293
    95/199     4.91G   0.05006   0.01065 0.0002466   0.06096       162       320    0.8621    0.7117    0.7986    0.4209   0.04493   0.01011 0.0002287
    96/199     4.91G   0.04925   0.01036 0.0002454   0.05985       177       320    0.8276    0.7587    0.8038     0.414   0.04301   0.01016  0.000226
    97/199     4.91G   0.04864   0.01034 0.0002466   0.05923       156       320    0.8177    0.7469    0.7976    0.4105   0.04316   0.01015 0.0002277
    98/199     4.91G   0.04974    0.0109 0.0002501   0.06089       190       320    0.8117    0.7101    0.7883    0.4195   0.04169    0.0102 0.0002297
    99/199     4.91G   0.04799   0.01098 0.0002486   0.05921       197       320    0.8262     0.732    0.7922    0.3766   0.04385  0.009942 0.0002295
   100/199     4.91G   0.04889   0.01084 0.0002494   0.05998       190       320    0.8372    0.7723    0.8277    0.4456     0.041   0.01006 0.0002291
   101/199     4.91G    0.0476   0.01058 0.0002428   0.05842       188       320    0.8232    0.7551    0.8152    0.4403   0.04304  0.009895 0.0002299
   102/199     4.91G   0.04777   0.01053 0.0002428   0.05854       178       320    0.8794    0.7666    0.8353    0.4333   0.04075  0.009935 0.0002287
   103/199     4.91G   0.04884   0.01014 0.0002399   0.05922       183       320    0.8732    0.7748    0.8351    0.4536   0.04209  0.009926 0.0002282
   104/199     4.91G   0.04733   0.01081 0.0002429   0.05838       196       320    0.8555    0.7855    0.8368    0.4462   0.03894   0.01006 0.0002273
   105/199     4.91G    0.0463    0.0106 0.0002404   0.05714       172       320    0.8231    0.7748    0.8184    0.4375   0.04176   0.00977 0.0002242
   106/199     4.91G   0.04749   0.01007 0.0002348    0.0578       163       320    0.8784    0.7633    0.8346     0.446   0.04088  0.009987 0.0002233
   107/199     4.91G   0.04646   0.01008 0.0002355   0.05677       178       320    0.8675    0.7559    0.8283    0.4654   0.04329  0.009764 0.0002227
   108/199     4.91G   0.04561   0.01023 0.0002378   0.05608       174       320    0.8612    0.7682    0.8269    0.4358   0.04103  0.009772 0.0002219
   109/199     4.91G   0.04614   0.01011 0.0002365   0.05649       190       320    0.8637    0.7396    0.8127    0.4306   0.04227  0.009586 0.0002181
   110/199     4.91G   0.04583   0.01015 0.0002312    0.0562       182       320    0.8604    0.7928    0.8394    0.4457   0.03975  0.009729 0.0002143
   111/199     4.91G    0.0462  0.009973 0.0002297    0.0564       169       320    0.8414    0.7854    0.8357    0.4647   0.03931  0.009654 0.0002151
   112/199     4.91G   0.04531   0.01009 0.0002313   0.05564       174       320    0.8429    0.7779    0.8241     0.417   0.04236  0.009361 0.0002148
   113/199     4.91G   0.04678  0.009749  0.000225   0.05676       185       320    0.8598    0.7882    0.8455    0.4899   0.04051  0.009461  0.000219
   114/199     4.91G   0.04675   0.01026 0.0002308   0.05724       193       320    0.8481    0.8048    0.8433    0.4468   0.03967  0.009438 0.0002184
   115/199     4.91G   0.04279    0.0101 0.0002277   0.05311       163       320    0.8673    0.8034    0.8425    0.4773   0.03776  0.009414 0.0002136
   116/199     4.91G    0.0441  0.009856 0.0002217   0.05418       162       320    0.8451    0.7865     0.835    0.4368   0.04113  0.009282 0.0002127
   117/199     4.91G   0.04388  0.009892  0.000222   0.05399       170       320    0.8363    0.8075     0.843    0.4698   0.03863  0.009299 0.0002097
   118/199     4.91G   0.04503  0.009911 0.0002171   0.05516       183       320    0.8605    0.8043    0.8446    0.4817   0.04012  0.009154 0.0002087
   119/199     4.91G   0.04495  0.009762 0.0002191   0.05493       188       320    0.8782    0.7975    0.8533    0.4735    0.0388   0.00923 0.0002076
   120/199     4.91G   0.04396   0.00991 0.0002181   0.05409       189       320    0.8764     0.807    0.8554    0.5029   0.03772  0.009289 0.0002098
   121/199     4.91G   0.04195   0.00967 0.0002202   0.05184       160       320    0.8749    0.7813     0.848    0.4734   0.03959  0.009179 0.0002087
   122/199     4.91G   0.04211  0.009881 0.0002175   0.05221       182       320    0.8744    0.8039    0.8504    0.4898   0.03763  0.009159 0.0002033
   123/199     4.91G    0.0436  0.009644 0.0002126   0.05345       172       320     0.878    0.7731    0.8421    0.4825    0.0395  0.009019 0.0002027
   124/199     4.91G   0.04295  0.009696 0.0002158   0.05287       169       320    0.8553    0.7839    0.8334    0.4489   0.03871  0.009008 0.0002033
   125/199     4.91G    0.0422  0.009799 0.0002169   0.05222       173       320    0.8813    0.8174    0.8608    0.5078   0.03634  0.009038 0.0002032
   126/199     4.91G   0.04172  0.009705 0.0002139   0.05164       191       320    0.8853    0.8088     0.861    0.5176   0.03748  0.008957 0.0002003
   127/199     4.91G   0.04079  0.009529 0.0002086   0.05053       188       320    0.8929     0.801    0.8616    0.5019   0.03681  0.009014 0.0001943
   128/199     4.91G   0.04175  0.009427 0.0002063   0.05138       170       320    0.8074    0.8033    0.8381    0.4776   0.03722   0.00889 0.0001931
   129/199     4.91G   0.04155  0.009336 0.0002047   0.05109       168       320    0.8776    0.8222     0.864     0.494   0.03807  0.008837 0.0001925
   130/199     4.91G   0.04171  0.009479 0.0002028   0.05139       177       320    0.8625    0.8182    0.8592    0.5099   0.03676  0.008986 0.0001949
   131/199     4.91G   0.04109  0.009666 0.0002047   0.05096       177       320      0.87    0.8168    0.8667    0.5021   0.03568  0.008989 0.0001952
   132/199     4.91G    0.0409  0.009623 0.0002011   0.05073       170       320    0.8975     0.801    0.8655    0.5233   0.03635   0.00876 0.0001947
   133/199     4.91G    0.0407  0.009305 0.0002003   0.05021       167       320    0.8594    0.8111    0.8547    0.4966   0.03738  0.008771  0.000193
   134/199     4.91G   0.04074  0.009788 0.0002015   0.05073       212       320    0.8742    0.8254    0.8672    0.5277   0.03427  0.008798 0.0001894
   135/199     4.91G   0.03897   0.00933 0.0001975    0.0485       161       320    0.8923      0.81    0.8705    0.5226     0.036  0.008741 0.0001857
   136/199     4.91G   0.03978   0.00929 0.0001943   0.04927       156       320    0.8943     0.804    0.8659    0.5009   0.03664  0.008725 0.0001838
   137/199     4.91G   0.04207  0.009433 0.0001919    0.0517       191       320    0.8919    0.7972    0.8613    0.5108   0.03683  0.008639 0.0001847
   138/199     4.91G   0.04228  0.009423 0.0001938    0.0519       168       320    0.8902    0.8075    0.8655    0.5091   0.03493  0.008765 0.0001864
   139/199     4.91G   0.04117  0.009421 0.0001941   0.05078       188       320    0.8843    0.8157    0.8675    0.5081    0.0361  0.008655 0.0001862
   140/199     4.91G   0.04053  0.009274 0.0001921      0.05       184       320    0.8752     0.828    0.8726    0.5197   0.03585   0.00864 0.0001854
   141/199     4.91G   0.03911  0.009291 0.0001958    0.0486       162       320     0.884    0.8303    0.8771    0.5385   0.03361  0.008639 0.0001846
   142/199     4.91G   0.03808  0.009205 0.0001906   0.04748       184       320    0.9044    0.8084    0.8751    0.5262   0.03492  0.008488 0.0001812
   143/199     4.91G   0.03894  0.009403 0.0001884   0.04853       186       320    0.8901    0.8222     0.877    0.5282   0.03409  0.008506 0.0001772
   144/199     4.91G   0.03899  0.009604 0.0001834   0.04877       181       320    0.9041    0.8107    0.8766     0.542   0.03411  0.008513 0.0001748
   145/199     4.91G   0.03934  0.009269 0.0001822   0.04879       185       320    0.9048      0.81    0.8717    0.5152   0.03617  0.008524 0.0001736
   146/199     4.91G   0.03842  0.009231 0.0001819   0.04783       182       320    0.9031    0.8034    0.8727     0.549   0.03377  0.008552 0.0001724
   147/199     4.91G   0.03824     0.009 0.0001797   0.04742       182       320    0.8819    0.8196     0.871    0.5508   0.03394  0.008549 0.0001738
   148/199     4.91G   0.03786  0.008992 0.0001825   0.04703       171       320    0.8979    0.8075     0.873    0.5297   0.03441  0.008482 0.0001734
   149/199     4.91G     0.038  0.009182 0.0001791   0.04736       182       320    0.9078    0.8065    0.8778    0.5505    0.0338  0.008408 0.0001707
   150/199     4.91G   0.03733  0.009288 0.0001797    0.0468       199       320    0.8737    0.8337    0.8744    0.5561   0.03371  0.008323 0.0001702
   151/199     4.91G   0.03814  0.009233 0.0001787   0.04755       181       320    0.8822    0.8222    0.8732    0.5549    0.0339  0.008303 0.0001674
   152/199     4.91G   0.03742  0.008975 0.0001715   0.04657       183       320    0.8861    0.8223    0.8752    0.5482   0.03351  0.008338 0.0001651
   153/199     4.91G   0.03744  0.008891 0.0001705    0.0465       192       320    0.9097    0.8034    0.8781    0.5541   0.03306  0.008305 0.0001643
   154/199     4.91G   0.03694  0.009024 0.0001686   0.04613       180       320    0.8948    0.8231    0.8806    0.5452   0.03352   0.00824 0.0001629
   155/199     4.91G   0.03789  0.009206 0.0001673   0.04727       196       320    0.9171    0.7977    0.8801    0.5412   0.03429  0.008262 0.0001628
   156/199     4.91G   0.03802  0.008866 0.0001632   0.04705       190       320    0.9125      0.81    0.8824    0.5605   0.03281  0.008346 0.0001597
   157/199     4.91G   0.03741  0.008855 0.0001635   0.04642       183       320    0.9063    0.8174    0.8813    0.5662   0.03304  0.008258 0.0001584
   158/199     4.91G   0.03669  0.008702  0.000164   0.04555       149       320    0.9112    0.8165    0.8814    0.5525   0.03403  0.008245 0.0001562
   159/199     4.91G   0.03689  0.008706 0.0001638   0.04576       160       320    0.9044    0.8157    0.8786    0.5624   0.03281  0.008222 0.0001564
   160/199     4.91G   0.03674  0.008956 0.0001645   0.04586       170       320    0.9087    0.8018    0.8772    0.5578   0.03338  0.008326  0.000156
   161/199     4.91G   0.03679  0.008742 0.0001644    0.0457       164       320    0.9157     0.801    0.8781    0.5567   0.03287  0.008408 0.0001551
   162/199     4.91G   0.03586  0.008948 0.0001616   0.04497       158       320     0.913    0.8075     0.882    0.5735   0.03195  0.008317 0.0001531
   163/199     4.91G   0.03537  0.008959  0.000158   0.04449       170       320    0.9138    0.8165    0.8862    0.5699    0.0319  0.008119 0.0001505
   164/199     4.91G   0.03521  0.008987 0.0001578   0.04436       185       320    0.9083    0.8133    0.8845    0.5658   0.03238  0.008031 0.0001484
   165/199     4.91G   0.03571  0.008567 0.0001511   0.04443       176       320    0.9171    0.8149     0.887    0.5781   0.03149  0.008004 0.0001468
   166/199     4.91G   0.03649  0.008856 0.0001519    0.0455       166       320    0.9204     0.805    0.8832    0.5643   0.03265  0.007993 0.0001469
   167/199     4.91G   0.03623  0.008568 0.0001504   0.04495       166       320    0.9099     0.819    0.8878    0.5722   0.03217  0.007978  0.000146
   168/199     4.91G   0.03599  0.008946 0.0001488   0.04509       186       320    0.9086    0.8219    0.8903    0.5794   0.03168  0.007971 0.0001426
   169/199     4.91G   0.03636  0.008872 0.0001493   0.04538       176       320    0.9096    0.8243    0.8916    0.5779   0.03154  0.008009 0.0001418
   170/199     4.91G   0.03637  0.008637  0.000147   0.04516       190       320    0.9094    0.8157    0.8854    0.5723   0.03175  0.008005  0.000141
   171/199     4.91G   0.03536   0.00849 0.0001461   0.04399       183       320    0.9188    0.8067    0.8858    0.5725   0.03198  0.007991 0.0001403
   172/199     4.91G   0.03562  0.008754 0.0001468   0.04452       166       320    0.9073    0.8173    0.8876    0.5847   0.03134  0.008009 0.0001384
   173/199     4.91G   0.03526  0.008629 0.0001463   0.04403       180       320    0.9138    0.8075    0.8872    0.5636   0.03215   0.00796 0.0001375
   174/199     4.91G   0.03446  0.008428 0.0001441   0.04303       168       320    0.9038    0.8165    0.8871     0.574   0.03206  0.007967 0.0001382
   175/199     4.91G   0.03476  0.008654 0.0001454   0.04356       177       320    0.8937    0.8206    0.8847    0.5698   0.03192  0.008046 0.0001369
   176/199     4.91G   0.03547  0.008521 0.0001445   0.04414       167       320     0.934    0.7992    0.8884    0.5701   0.03191  0.007998 0.0001369
   177/199     4.91G   0.03561  0.008576  0.000144   0.04433       192       320    0.9154    0.8084    0.8865    0.5846   0.03105  0.007948 0.0001365
   178/199     4.91G   0.03494  0.008416 0.0001401    0.0435       179       320    0.9168    0.8124    0.8883    0.5888   0.03097  0.007893 0.0001357
   179/199     4.91G   0.03502  0.008707 0.0001417   0.04387       178       320    0.9181    0.8116    0.8904    0.5971   0.03067  0.007893 0.0001346
   180/199     4.91G   0.03477  0.008389 0.0001381    0.0433       170       320    0.9061     0.819    0.8863    0.5786   0.03142  0.007994 0.0001352
   181/199     4.91G   0.03457  0.008666 0.0001406   0.04337       165       320    0.9094    0.8157    0.8877    0.5907   0.03112  0.008054 0.0001364
   182/199     4.91G   0.03499  0.008589 0.0001421   0.04372       172       320    0.9195     0.814    0.8921     0.584   0.03126   0.00802  0.000135
   183/199     4.91G   0.03422  0.008458 0.0001382   0.04281       178       320    0.9171    0.8165    0.8931    0.5822   0.03101  0.007956  0.000134
   184/199     4.91G   0.03419  0.008684 0.0001389   0.04302       189       320    0.9178    0.8157    0.8946    0.5881   0.03057  0.007909 0.0001312
   185/199     4.91G   0.03509   0.00876 0.0001378   0.04399       184       320    0.9227    0.8116    0.8937    0.5931   0.03065   0.00789 0.0001291
   186/199     4.91G   0.03417  0.008403 0.0001342   0.04271       189       320    0.9213    0.8157    0.8935    0.5962   0.03062   0.00791 0.0001274
   187/199     4.91G   0.03409  0.008483 0.0001346   0.04271       184       320    0.9206    0.8157    0.8916    0.5945    0.0305  0.007841 0.0001269
   188/199     4.91G     0.034  0.008389 0.0001305   0.04252       191       320    0.9128    0.8228    0.8911    0.5973   0.03034  0.007779  0.000126
   189/199     4.91G   0.03392  0.008127 0.0001308   0.04218       171       320    0.9099    0.8288    0.8955    0.5932   0.03091   0.00776 0.0001251
   190/199     4.91G    0.0345  0.008588 0.0001306   0.04322       167       320    0.8979     0.837    0.8952    0.5854   0.03092  0.007782 0.0001246
   191/199     4.91G   0.03392  0.008236 0.0001301   0.04229       183       320    0.8956    0.8452    0.8964    0.5754   0.03157  0.007818 0.0001244
   192/199     4.91G   0.03468  0.008471 0.0001325   0.04329       164       320    0.9185    0.8182    0.8928    0.5949   0.03027  0.007774 0.0001236
   193/199     4.91G   0.03334  0.008369 0.0001293   0.04184       188       320    0.9142    0.8206    0.8925    0.5894   0.03031  0.007787 0.0001225
   194/199     4.91G   0.03342  0.008219 0.0001298   0.04177       150       320    0.9149    0.8124    0.8886    0.5915   0.03073  0.007838 0.0001223
   195/199     4.91G   0.03329  0.007912 0.0001257   0.04133       161       320    0.9126    0.8214    0.8892    0.5966   0.03053  0.007835 0.0001225
   196/199     4.91G   0.03336  0.008404 0.0001268   0.04189       199       320    0.9141    0.8206    0.8902    0.6009   0.03033  0.007775 0.0001213
   197/199     4.91G     0.034  0.008735 0.0001256   0.04286       197       320    0.9168    0.8247    0.8973    0.6012   0.03025  0.007733 0.0001189
   198/199     4.91G   0.03442  0.008587 0.0001227   0.04312       190       320    0.9155     0.828    0.8995     0.595   0.03083  0.007733 0.0001183
   199/199     4.91G   0.03415  0.008459 0.0001234   0.04273       175       320     0.916    0.8214    0.8986    0.5969   0.03034  0.007753 0.0001189
